2 3 2 1 4 5 6 1 4 5 3 4 8 9 2 2 3 2 1 4 5 6 1 4 5 3 4 8 9 2
2 3 2 4	3 4 2 1 4 5 3 4 8 9 3 9 3 2 1 1 4 5 3 4 8 9 5 4 8 1 
0 1 2 3 5 8 9 1 4 5 3 4 8 9 5 9 3 2 1 1 4 5 3 4 8 9 5 4 8 1
1 4 5 3 4 8 9 1 4 5 3 4 8 9 8 9 3 2 1 1 4 5 3 4 8 9 5 4 8 4
9 3 2 1 1 4 5 3 4 8 9 5 4 8 7 2 3 2 1 4 5 6 1 4 5 3 4 8 9 7
2 3 2 1 4 5 6 1 4 5 3 4 8 9 6 2 3 2 1 4 5 6 1 4 5 3 4 8 9 7
2 3 2 4	3 4 2 1 4 5 3 4 8 9 2 1 4 5 3 4 8 9 1 4 5 3 4 8 9 2
0 1 2 3 5 8 9 1 4 5 3 4 8 9 1 0 1 2 3 5 8 9 1 4 5 3 4 8 9 4 
1 4 5 3 4 8 9 1 4 5 3 4 8 9 7 2 3 2 4 3 4 2 1 4 5 3 4 8 9 3
9 3 2 1 1 4 5 3 4 8 9 5 4 8 4 9 3 2 1 1 4 5 3 4 8 9 5 4 8 1
2 3 2 1 4 5 6 1 4 5 3 4 8 9 7 9 3 2 1 1 4 5 3 4 8 9 5 4 8 8
2 3 2 4	3 4 2 1 4 5 3 4 8 9 9 9 3 2 1 1 4 5 3 4 8 9 5 4 8 4
0 1 2 3 5 8 9 1 4 5 3 4 8 9 4 9 3 2 1 1 4 5 3 4 8 9 5 4 8 3
1 4 5 3 4 8 9 1 4 5 3 4 8 9 2 9 3 2 1 1 4 5 3 4 8 9 5 4 8 5
9 3 2 1 1 4 5 3 4 8 9 5 4 8 1 1 4 5 3 4 8 9 1 4 5 3 4 8 9 7
2 3 2 4	3 4 2 1 4 5 3 4 8 9 3 1 4 5 3 4 8 9 1 4 5 3 4 8 9 7
0 1 2 3 5 8 9 1 4 5 3 4 8 9 5 1 4 5 3 4 8 9 1 4 5 3 4 8 9 7
1 4 5 3 4 8 9 1 4 5 3 4 8 9 8 9 3 2 1 1 4 5 3 4 8 9 5 4 8 7
2 3 2 1 4 5 6 1 4 5 3 4 8 9 6 2 3 2 1 4 5 6 1 4 5 3 4 8 9 7
2 3 2 4	3 4 2 1 4 5 3 4 8 9 2 1 4 5 3 4 8 9 1 4 5 3 4 8 9 2
0 1 2 3 5 8 9 1 4 5 3 4 8 9 1 0 1 2 3 5 8 9 1 4 5 3 4 8 9 4 
1 4 5 3 4 8 9 1 4 5 3 4 8 9 7 2 3 2 4 3 4 2 1 4 5 3 4 8 9 3
9 3 2 1 1 4 5 3 4 8 9 5 4 8 4 9 3 2 1 1 4 5 3 4 8 9 5 4 8 1
2 3 2 1 4 5 6 1 4 5 3 4 8 9 7 9 3 2 1 1 4 5 3 4 8 9 5 4 8 8
2 3 2 4	3 4 2 1 4 5 3 4 8 9 9 9 3 2 1 1 4 5 3 4 8 9 5 4 8 4
0 1 2 3 5 8 9 1 4 5 3 4 8 9 4 9 3 2 1 1 4 5 3 4 8 9 5 4 8 3
2 3 2 1 4 5 6 1 4 5 3 4 8 9 6 2 3 2 1 4 5 6 1 4 5 3 4 8 9 7
2 3 2 4	3 4 2 1 4 5 3 4 8 9 2 1 4 5 3 4 8 9 1 4 5 3 4 8 9 2
0 1 2 3 5 8 9 1 4 5 3 4 8 9 1 0 1 2 3 5 8 9 1 4 5 3 4 8 9 4 
1 4 5 3 4 8 9 1 4 5 3 4 8 9 7 2 3 2 4 3 4 2 1 4 5 3 4 8 9 3
9 3 2 1 1 4 5 3 4 8 9 5 4 8 4 9 3 2 1 1 4 5 3 4 8 9 5 4 8 1
2 3 2 1 4 5 6 1 4 5 3 4 8 9 7 9 3 2 1 1 4 5 3 4 8 9 5 4 8 8
2 3 2 4	3 4 2 1 4 5 3 4 8 9 9 9 3 2 1 1 4 5 3 4 8 9 5 4 8 4
0 1 2 3 5 8 9 1 4 5 3 4 8 9 4 9 3 2 1 1 4 5 3 4 8 9 5 4 8 3
